    family father mother sex height nkids
1        1   78.5   67.0   F   69.2     4
2        1   78.5   67.0   F   69.0     4
3        1   78.5   67.0   F   69.0     4
4        2   75.5   66.5   F   65.5     4
5        2   75.5   66.5   F   65.5     4
6        3   75.0   64.0   F   68.0     2
7        4   75.0   64.0   F   67.0     5
8        4   75.0   64.0   F   64.5     5
9        4   75.0   64.0   F   63.0     5
10       5   75.0   58.5   F   66.5     6
11       5   75.0   58.5   F   62.5     6
12       5   75.0   58.5   F   62.5     6
13       6   74.0   68.0   F   69.5     1
14       7   74.0   68.0   F   70.5     6
15       7   74.0   68.0   F   64.0     6
16       8   74.0   66.5   F   70.5     3
17       8   74.0   66.5   F   68.0     3
18       8   74.0   66.5   F   66.0     3
19       9   74.5   66.0   F   66.0     1
20      10   74.0   65.5   F   65.5     1
21      11   74.0   62.0   F   68.0     8
22      11   74.0   62.0   F   67.0     8
23      11   74.0   62.0   F   67.0     8
24      11   74.0   62.0   F   66.0     8
25      11   74.0   62.0   F   63.5     8
26      11   74.0   62.0   F   63.0     8
27      12   74.0   61.0   F   65.0     1
28      15   73.0   66.5   F   66.7     3
29      16   73.0   65.0   F   68.7     9
30      16   73.0   65.0   F   66.5     9
31      16   73.0   65.0   F   64.5     9
32      16   73.0   65.0   F   63.5     9
33      17   73.0   64.5   F   66.5     6
34      17   73.0   64.5   F   62.3     6
35      18   73.0   64.0   F   66.0     3
36      18   73.0   64.0   F   64.5     3
37      18   73.0   64.0   F   64.0     3
38      19   73.2   63.0   F   62.7     1
39      20   72.7   69.0   F   70.0     8
40      20   72.7   69.0   F   69.0     8
41      20   72.7   69.0   F   68.5     8
42      20   72.7   69.0   F   68.0     8
43      20   72.7   69.0   F   66.0     8
44      21   72.0   68.0   F   68.5     3
45      21   72.0   68.0   F   68.0     3
46      22   72.0   67.0   F   67.0     3
47      23   72.0   65.0   F   66.0     7
48      23   72.0   65.0   F   65.5     7
49      23   72.0   65.0   F   65.0     7
50      23   72.0   65.0   F   65.0     7
51      24   72.0   65.5   F   65.5     1
52      25   72.0   64.0   F   66.0     2
53      25   72.0   64.0   F   63.0     2
54      26   72.0   63.0   F   65.0     5
55      26   72.0   63.0   F   63.0     5
56      27   72.0   63.0   F   63.0     3
57      28   72.0   63.0   F   70.5     6
58      28   72.0   63.0   F   70.0     6
59      28   72.0   63.0   F   66.5     6
60      28   72.0   63.0   F   63.0     6
61      29   72.5   63.5   F   67.5     3
62      29   72.5   63.5   F   67.2     3
63      29   72.5   63.5   F   66.7     3
64      30   72.0   62.0   F   64.0     1
65      31   72.5   62.0   F   66.0     6
66      31   72.5   62.0   F   65.0     6
67      31   72.5   62.0   F   65.0     6
68      32   72.0   62.0   F   67.5     5
69      32   72.0   62.0   F   63.5     5
70      33   72.0   62.0   F   68.0     5
71      34   72.0   61.0   F   65.7     1
72      35   71.0   69.0   F   67.0     5
73      36   71.0   67.0   F   67.0     4
74      37   71.0   66.0   F   67.0     4
75      37   71.0   66.0   F   67.0     4
76      37   71.0   66.0   F   66.5     4
77      38   71.0   66.0   F   66.0     6
78      38   71.0   66.0   F   64.5     6
79      38   71.0   66.0   F   63.0     6
80      39   71.0   66.0   F   67.0     2
81      40   71.0   66.0   F   66.0     5
82      42   71.0   65.5   F   66.0     6
83      42   71.0   65.5   F   65.0     6
84      43   71.5   65.5   F   65.2     2
85      45   71.0   65.0   F   62.0     3
86      46   71.0   64.0   F   68.0     8
87      46   71.0   64.0   F   68.0     8
88      46   71.0   64.0   F   67.5     8
89      46   71.0   64.0   F   66.5     8
90      46   71.0   64.0   F   66.5     8
91      46   71.0   64.0   F   66.0     8
92      46   71.0   64.0   F   65.5     8
93      46   71.0   64.0   F   65.0     8
94      47   71.7   64.5   F   67.0     4
95      49   71.5   64.5   F   66.0     7
96      49   71.5   64.5   F   64.5     7
97      49   71.5   64.5   F   64.5     7
98      49   71.5   64.5   F   62.0     7
99      51   71.2   63.0   F   67.5     2
100     51   71.2   63.0   F   64.5     2
101     52   71.0   63.5   F   66.0     5
102     52   71.0   63.5   F   65.0     5
103     52   71.0   63.5   F   63.5     5
104     53   71.0   63.0   F   65.0     9
105     53   71.0   63.0   F   65.0     9
106     53   71.0   63.0   F   64.0     9
107     53   71.0   63.0   F   63.0     9
108     53   71.0   63.0   F   63.0     9
109     54   71.0   63.0   F   63.5     4
110     55   71.0   62.0   F   64.5     5
111     55   71.0   62.0   F   62.5     5
112     55   71.0   62.0   F   61.5     5
113     56   71.0   62.0   F   64.5     5
114     56   71.0   62.0   F   60.0     5
115     57   71.0   62.5   F   64.0     5
116     57   71.0   62.5   F   64.0     5
117     57   71.0   62.5   F   64.0     5
118     57   71.0   62.5   F   62.5     5
119     58   71.0   62.0   F   64.5     7
120     58   71.0   62.0   F   64.0     7
121     59   71.0   61.0   F   62.0     1
122     61   70.0   69.0   F   69.0     4
123     62   70.0   69.0   F   68.0     6
124     62   70.0   69.0   F   66.0     6
125     62   70.0   69.0   F   64.0     6
126     62   70.0   69.0   F   62.0     6
127     64   70.0   67.0   F   66.0     5
128     64   70.0   67.0   F   64.0     5
129     64   70.0   67.0   F   60.0     5
130     65   70.0   67.0   F   67.5     1
131     66   70.0   66.5   F   69.2    11
132     66   70.0   66.5   F   67.2    11
133     66   70.0   66.5   F   66.5    11
134     66   70.0   66.5   F   66.0    11
135     66   70.0   66.5   F   66.0    11
136     66   70.0   66.5   F   64.2    11
137     66   70.0   66.5   F   63.7    11
138     68   70.5   65.0   F   68.0     5
139     68   70.5   65.0   F   65.0     5
140     68   70.5   65.0   F   61.5     5
141     68   70.5   65.0   F   61.0     5
142     68   70.5   65.0   F   61.0     5
143     69   70.0   65.0   F   64.5     8
144     69   70.0   65.0   F   63.0     8
145     69   70.0   65.0   F   62.0     8
146     70   70.0   65.0   F   64.5     5
147     70   70.0   65.0   F   62.5     5
148     70   70.0   65.0   F   62.5     5
149     71   70.0   65.0   F   67.0     6
150     71   70.0   65.0   F   65.0     6
151     71   70.0   65.0   F   65.0     6
152     71   70.0   65.0   F   63.0     6
153     72   70.0   65.0   F   69.0     7
154     72   70.0   65.0   F   67.0     7
155     72   70.0   65.0   F   65.7     7
156     72   70.0   65.0   F   62.0     7
157     73   70.0   65.0   F   65.0     3
158     75   70.0   64.7   F   66.5     7
159     75   70.0   64.7   F   65.5     7
160     75   70.0   64.7   F   64.7     7
161     75   70.0   64.7   F   64.5     7
162     76   70.0   64.0   F   67.0     7
163     77   70.0   64.0   F   65.5     4
164     78   70.0   64.2   F   62.5     5
165     78   70.0   64.2   F   61.2     5
166     78   70.0   64.2   F   60.1     5
167     79   70.5   64.0   F   65.5     8
168     79   70.5   64.0   F   65.0     8
169     80   70.5   64.5   F   60.0     1
170     81   70.0   64.0   F   65.0     4
171     81   70.0   64.0   F   64.0     4
172     81   70.0   64.0   F   62.0     4
173     82   70.0   64.0   F   69.0     9
174     82   70.0   64.0   F   65.0     9
175     82   70.0   64.0   F   64.0     9
176     83   70.0   63.7   F   63.7     8
177     83   70.0   63.7   F   63.2     8
178     83   70.0   63.7   F   62.5     8
179     83   70.0   63.7   F   62.2     8
180     83   70.0   63.7   F   61.0     8
181     85   70.5   63.0   F   64.5     5
182     85   70.5   63.0   F   64.0     5
183     86   70.0   63.5   F   67.5     4
184     86   70.0   63.5   F   63.5     4
185     87   70.0   63.0   F   63.7     4
186     87   70.0   63.0   F   62.0     4
187     88   70.0   63.0   F   62.0     4
188     88   70.0   63.0   F   61.0     4
189     89   70.5   62.0   F   65.0     8
190     89   70.5   62.0   F   64.0     8
191     89   70.5   62.0   F   63.0     8
192     90   70.3   62.7   F   64.0     7
193     90   70.3   62.7   F   63.5     7
194     90   70.3   62.7   F   63.2     7
195     91   70.5   62.0   F   60.0     3
196     93   70.0   60.0   F   65.0     4
197     93   70.0   60.0   F   63.0     4
198     94   70.0   60.0   F   65.0     2
199     94   70.0   60.0   F   65.0     2
200     95   70.0   58.5   F   63.0     3
201     96   70.0   58.0   F   66.0     5
202     96   70.0   58.0   F   65.0     5
203     96   70.0   58.0   F   63.0     5
204     97   69.0   68.5   F   66.0    10
205     97   69.0   68.5   F   66.0    10
206     97   69.0   68.5   F   65.5    10
207     97   69.0   68.5   F   65.0    10
208     97   69.0   68.5   F   65.0    10
209     97   69.0   68.5   F   64.0    10
210     97   69.0   68.5   F   64.0    10
211     98   69.0   67.0   F   64.0     1
212     99   69.0   66.0   F   65.5     8
213     99   69.0   66.0   F   65.0     8
214     99   69.0   66.0   F   62.7     8
215     99   69.0   66.0   F   62.5     8
216    102   69.0   66.0   F   65.0     6
217    102   69.0   66.0   F   63.0     6
218    102   69.0   66.0   F   62.5     6
219    103   69.0   66.5   F   61.0     5
220    104   69.5   66.5   F   64.5     4
221    104   69.5   66.5   F   64.0     4
222    105   69.0   66.5   F   68.5     6
223    105   69.0   66.5   F   67.5     6
224    105   69.0   66.5   F   66.0     6
225    105   69.0   66.5   F   63.0     6
226    105   69.0   66.5   F   63.0     6
227    106   69.5   66.0   F   66.5     7
228    106   69.5   66.0   F   65.5     7
229    106   69.5   66.0   F   64.5     7
230    107   69.0   66.0   F   66.5     9
231    107   69.0   66.0   F   65.5     9
232    107   69.0   66.0   F   65.5     9
233    107   69.0   66.0   F   65.0     9
234    107   69.0   66.0   F   64.0     9
235    108   69.0   65.0   F   65.0     7
236    108   69.0   65.0   F   64.0     7
237    108   69.0   65.0   F   63.5     7
238    108   69.0   65.0   F   61.0     7
239    109   69.5   64.5   F   65.2     7
240    109   69.5   64.5   F   64.5     7
241    109   69.5   64.5   F   63.7     7
242    109   69.5   64.5   F   60.0     7
243    110   69.2   64.0   F   65.0     4
244    110   69.2   64.0   F   63.5     4
245    112   69.0   63.0   F   67.5     3
246    112   69.0   63.0   F   63.5     3
247    114   69.0   63.0   F   66.0     6
248    114   69.0   63.0   F   62.0     6
249    115   69.0   63.5   F   65.0     7
250    115   69.0   63.5   F   63.0     7
251    115   69.0   63.5   F   62.0     7
252    115   69.0   63.5   F   61.0     7
253    116   69.0   63.5   F   63.7     3
254    116   69.0   63.5   F   63.0     3
255    117   69.7   62.0   F   62.5     1
256    119   69.0   62.0   F   63.0     5
257    121   69.0   62.5   F   63.5     8
258    121   69.0   62.5   F   62.5     8
259    121   69.0   62.5   F   62.5     8
260    121   69.0   62.5   F   62.0     8
261    122   69.0   62.0   F   66.0     4
262    122   69.0   62.0   F   66.0     4
263    123   69.5   61.0   F   63.0     5
264    123   69.5   61.0   F   62.0     5
265    124   69.0   61.0   F   63.5     9
266    124   69.0   61.0   F   62.0     9
267    124   69.0   61.0   F   62.0     9
268    125   69.0   60.0   F   68.0     3
269    125   69.0   60.0   F   62.5     3
270    126   69.0   60.0   F   61.7     4
271    126   69.0   60.0   F   60.5     4
272    128   68.7   70.5   F   61.7     2
273    129   68.5   67.0   F   67.0     3
274    130   68.5   66.5   F   63.2    11
275    132   68.0   65.5   F   64.0     2
276    133   68.0   65.5   F   66.5     7
277    133   68.0   65.5   F   65.2     7
278    133   68.0   65.5   F   61.5     7
279    134   68.0   65.0   F   68.0     4
280    134   68.0   65.0   F   66.0     4
281    135   68.5   65.0   F   62.0     8
282    135   68.5   65.0   F   61.5     8
283    135   68.5   65.0   F   61.0     8
284    135   68.5   65.0   F   60.0     8
285    136   68.0   64.0   F   65.0    10
286    136   68.0   64.0   F   64.0    10
287    136   68.0   64.0   F   63.0    10
288    136   68.0   64.0   F   63.0    10
289    136   68.0   64.0   F   62.0    10
290    136   68.0   64.0   F   61.0    10
291    137   68.0   64.0   F   65.5     4
292    137   68.0   64.0   F   62.0     4
293    138   68.0   64.0   F   62.5     5
294    139   68.0   64.5   F   62.0     1
295    140   68.0   64.0   F   66.0    10
296    140   68.0   64.0   F   66.0    10
297    140   68.0   64.0   F   65.0    10
298    140   68.0   64.0   F   65.0    10
299    140   68.0   64.0   F   65.0    10
300    140   68.0   64.0   F   64.0    10
301    140   68.0   64.0   F   63.0    10
302    141   68.0   63.0   F   66.0     8
303    141   68.0   63.0   F   62.0     8
304    141   68.0   63.0   F   61.5     8
305    142   68.5   63.5   F   65.5     4
306    144   68.0   63.0   F   64.5     4
307    144   68.0   63.0   F   64.0     4
308    145   68.0   63.0   F   63.0     8
309    145   68.0   63.0   F   62.0     8
310    145   68.0   63.0   F   62.0     8
311    146   68.0   63.0   F   64.0     6
312    146   68.0   63.0   F   63.5     6
313    146   68.0   63.0   F   61.0     6
314    149   68.2   63.5   F   64.5     5
315    151   68.7   62.0   F   61.7     2
316    153   68.0   61.0   F   63.5     5
317    153   68.0   61.0   F   63.0     5
318    155   68.0   60.0   F   61.0     7
319    155   68.0   60.0   F   61.0     7
320    155   68.0   60.0   F   60.0     7
321    155   68.0   60.0   F   60.0     7
322    155   68.0   60.0   F   60.0     7
323    155   68.0   60.0   F   56.0     7
324    156   68.0   60.0   F   60.0     4
325    158   68.0   59.0   F   65.0    10
326    158   68.0   59.0   F   65.0    10
327    158   68.0   59.0   F   62.0    10
328    158   68.0   59.0   F   61.0    10
329    159   67.0   66.2   F   65.5     5
330    159   67.0   66.2   F   63.5     5
331    162   67.0   65.0   F   65.5     6
332    162   67.0   65.0   F   65.0     6
333    162   67.0   65.0   F   64.5     6
334    162   67.0   65.0   F   63.5     6
335    163   67.0   65.5   F   65.5     5
336    163   67.0   65.5   F   65.5     5
337    163   67.0   65.5   F   63.0     5
338    164   67.0   65.5   F   63.0     4
339    164   67.0   65.5   F   60.0     4
340    165   67.0   65.0   F   62.0     3
341    165   67.0   65.0   F   62.0     3
342    166   67.5   65.0   F   64.0    11
343    166   67.5   65.0   F   64.0    11
344    166   67.5   65.0   F   63.0    11
345    166   67.5   65.0   F   63.0    11
346    166   67.5   65.0   F   63.0    11
347    166   67.5   65.0   F   63.0    11
348    166   67.5   65.0   F   63.0    11
349    166   67.5   65.0   F   62.5    11
350    166   67.5   65.0   F   62.0    11
351    168   67.0   63.5   F   63.5     8
352    169   67.0   63.0   F   63.0     3
353    170   67.5   62.0   F   66.0     5
354    172   66.0   67.0   F   62.0     8
355    172   66.0   67.0   F   62.0     8
356    172   66.0   67.0   F   61.5     8
357    173   66.0   67.0   F   67.0     9
358    173   66.0   67.0   F   64.0     9
359    173   66.0   67.0   F   64.0     9
360    173   66.0   67.0   F   62.0     9
361    173   66.0   67.0   F   60.0     9
362    173   66.0   67.0   F   60.0     9
363    174   66.0   66.0   F   67.0     5
364    174   66.0   66.0   F   66.5     5
365    174   66.0   66.0   F   65.5     5
366    175   66.0   66.0   F   66.0     6
367    175   66.0   66.0   F   65.0     6
368    175   66.0   66.0   F   62.0     6
369    175   66.0   66.0   F   61.0     6
370    176   66.5   65.0   F   62.5     8
371    176   66.5   65.0   F   60.5     8
372    176   66.5   65.0   F   60.5     8
373    176   66.5   65.0   F   57.5     8
374    177   66.0   65.5   F   66.0     5
375    177   66.0   65.5   F   65.0     5
376    179   66.0   63.5   F   64.5     2
377    179   66.0   63.5   F   62.0     2
378    180   66.5   63.0   F   65.0     6
379    180   66.5   63.0   F   65.0     6
380    180   66.5   63.0   F   63.0     6
381    181   66.5   62.5   F   63.5     7
382    181   66.5   62.5   F   62.5     7
383    181   66.5   62.5   F   62.5     7
384    181   66.5   62.5   F   62.5     7
385    181   66.5   62.5   F   62.5     7
386    183   66.0   60.0   F   60.0     4
387    185   66.0   59.0   F   65.0    15
388    185   66.0   59.0   F   64.0    15
389    185   66.0   59.0   F   63.0    15
390    185   66.0   59.0   F   62.0    15
391    185   66.0   59.0   F   61.0    15
392    185   66.0   59.0   F   60.0    15
393    185   66.0   59.0   F   58.0    15
394    185   66.0   59.0   F   57.0    15
395    186   65.0   67.0   F   65.0     4
396    187   65.0   67.0   F   63.0     1
397    188   65.0   66.0   F   63.0     4
398    188   65.0   66.0   F   63.0     4
399    188   65.0   66.0   F   60.0     4
400    190   65.0   65.0   F   65.0     9
401    190   65.0   65.0   F   65.0     9
402    190   65.0   65.0   F   62.0     9
403    190   65.0   65.0   F   62.0     9
404    190   65.0   65.0   F   61.0     9
405    190   65.0   65.0   F   59.0     9
406    191   65.0   65.5   F   65.5     2
407    192   65.0   65.0   F   64.5     6
408    192   65.0   65.0   F   60.5     6
409    193   65.0   64.0   F   64.0     6
410    193   65.0   64.0   F   64.0     6
411    193   65.0   64.0   F   62.5     6
412    193   65.0   64.0   F   60.5     6
413    194   65.0   63.0   F   63.0     2
414    195   65.0   63.0   F   63.0     3
415    196   65.5   63.0   F   63.5     4
416    197   65.5   60.0   F   62.0     5
417    198   64.0   64.0   F   65.5     7
418    198   64.0   64.0   F   64.0     7
419    198   64.0   64.0   F   62.0     7
420    198   64.0   64.0   F   62.0     7
421    198   64.0   64.0   F   61.0     7
422    199   64.0   64.0   F   67.0     7
423    199   64.0   64.0   F   65.0     7
424    199   64.0   64.0   F   64.0     7
425    199   64.0   64.0   F   64.0     7
426    199   64.0   64.0   F   60.0     7
427    201   64.0   60.0   F   60.0     2
428    203   62.0   66.0   F   62.0     3
429    203   62.0   66.0   F   61.0     3
430    204   62.5   63.0   F   57.0     2
431   136A   68.5   65.0   F   64.0     8
432   136A   68.5   65.0   F   63.5     8
433   136A   68.5   65.0   F   63.0     8