    family father mother sex height nkids
1        1   78.5   67.0   M   73.2     4
2        2   75.5   66.5   M   73.5     4
3        2   75.5   66.5   M   72.5     4
4        3   75.0   64.0   M   71.0     2
5        4   75.0   64.0   M   70.5     5
6        4   75.0   64.0   M   68.5     5
7        5   75.0   58.5   M   72.0     6
8        5   75.0   58.5   M   69.0     6
9        5   75.0   58.5   M   68.0     6
10       7   74.0   68.0   M   76.5     6
11       7   74.0   68.0   M   74.0     6
12       7   74.0   68.0   M   73.0     6
13       7   74.0   68.0   M   73.0     6
14      11   74.0   62.0   M   74.0     8
15      11   74.0   62.0   M   70.0     8
16      14   73.0   67.0   M   68.0     2
17      14   73.0   67.0   M   67.0     2
18      15   73.0   66.5   M   71.0     3
19      15   73.0   66.5   M   70.5     3
20      16   73.0   65.0   M   72.0     9
21      16   73.0   65.0   M   70.5     9
22      16   73.0   65.0   M   70.2     9
23      16   73.0   65.0   M   70.2     9
24      16   73.0   65.0   M   69.2     9
25      17   73.0   64.5   M   74.0     6
26      17   73.0   64.5   M   73.0     6
27      17   73.0   64.5   M   71.5     6
28      17   73.0   64.5   M   62.5     6
29      20   72.7   69.0   M   73.2     8
30      20   72.7   69.0   M   73.0     8
31      20   72.7   69.0   M   72.7     8
32      21   72.0   68.0   M   73.0     3
33      22   72.0   67.0   M   73.0     3
34      22   72.0   67.0   M   71.0     3
35      23   72.0   65.0   M   74.2     7
36      23   72.0   65.0   M   70.5     7
37      23   72.0   65.0   M   69.5     7
38      26   72.0   63.0   M   70.5     5
39      26   72.0   63.0   M   70.5     5
40      26   72.0   63.0   M   69.0     5
41      27   72.0   63.0   M   69.0     3
42      27   72.0   63.0   M   67.0     3
43      28   72.0   63.0   M   73.0     6
44      28   72.0   63.0   M   67.0     6
45      31   72.5   62.0   M   71.0     6
46      31   72.5   62.0   M   70.0     6
47      31   72.5   62.0   M   70.0     6
48      32   72.0   62.0   M   74.0     5
49      32   72.0   62.0   M   72.0     5
50      32   72.0   62.0   M   69.0     5
51      33   72.0   62.0   M   72.0     5
52      33   72.0   62.0   M   71.5     5
53      33   72.0   62.0   M   71.5     5
54      33   72.0   62.0   M   70.0     5
55      35   71.0   69.0   M   78.0     5
56      35   71.0   69.0   M   74.0     5
57      35   71.0   69.0   M   73.0     5
58      35   71.0   69.0   M   72.0     5
59      36   71.0   67.0   M   73.2     4
60      36   71.0   67.0   M   73.0     4
61      36   71.0   67.0   M   69.0     4
62      37   71.0   66.0   M   70.0     4
63      38   71.0   66.0   M   70.0     6
64      38   71.0   66.0   M   69.0     6
65      38   71.0   66.0   M   68.5     6
66      39   71.0   66.0   M   71.0     2
67      40   71.0   66.0   M   76.0     5
68      40   71.0   66.0   M   72.0     5
69      40   71.0   66.0   M   71.0     5
70      40   71.0   66.0   M   66.0     5
71      41   71.7   65.5   M   70.5     1
72      42   71.0   65.5   M   72.0     6
73      42   71.0   65.5   M   72.0     6
74      42   71.0   65.5   M   71.0     6
75      42   71.0   65.5   M   69.0     6
76      43   71.5   65.5   M   73.0     2
77      44   71.5   65.0   M   68.5     2
78      44   71.5   65.0   M   67.7     2
79      45   71.0   65.0   M   68.0     3
80      45   71.0   65.0   M   68.0     3
81      47   71.7   64.5   M   72.0     4
82      47   71.7   64.5   M   71.0     4
83      47   71.7   64.5   M   70.5     4
84      48   71.0   64.0   M   68.0     3
85      48   71.0   64.0   M   68.0     3
86      48   71.0   64.0   M   68.0     3
87      49   71.5   64.5   M   72.0     7
88      49   71.5   64.5   M   71.0     7
89      49   71.5   64.5   M   70.0     7
90      52   71.0   63.5   M   71.0     5
91      52   71.0   63.5   M   67.0     5
92      53   71.0   63.0   M   71.0     9
93      53   71.0   63.0   M   70.0     9
94      53   71.0   63.0   M   70.0     9
95      53   71.0   63.0   M   64.0     9
96      54   71.0   63.0   M   71.0     4
97      54   71.0   63.0   M   71.0     4
98      54   71.0   63.0   M   70.0     4
99      55   71.0   62.0   M   71.0     5
100     55   71.0   62.0   M   70.0     5
101     56   71.0   62.0   M   72.0     5
102     56   71.0   62.0   M   70.5     5
103     56   71.0   62.0   M   70.5     5
104     57   71.0   62.5   M   70.0     5
105     58   71.0   62.0   M   70.5     7
106     58   71.0   62.0   M   70.0     7
107     58   71.0   62.0   M   69.0     7
108     58   71.0   62.0   M   69.0     7
109     58   71.0   62.0   M   66.0     7
110     60   71.0   58.0   M   71.5     2
111     60   71.0   58.0   M   69.0     2
112     61   70.0   69.0   M   71.0     4
113     61   70.0   69.0   M   70.0     4
114     61   70.0   69.0   M   69.0     4
115     62   70.0   69.0   M   70.0     6
116     62   70.0   69.0   M   68.7     6
117     63   70.0   68.0   M   75.0     1
118     64   70.0   67.0   M   70.0     5
119     64   70.0   67.0   M   69.0     5
120     66   70.0   66.5   M   73.0    11
121     66   70.0   66.5   M   72.0    11
122     66   70.0   66.5   M   72.0    11
123     66   70.0   66.5   M   66.5    11
124     67   70.5   65.0   M   72.0     4
125     67   70.5   65.0   M   70.2     4
126     67   70.5   65.0   M   69.0     4
127     67   70.5   65.0   M   68.5     4
128     69   70.0   65.0   M   73.0     8
129     69   70.0   65.0   M   72.0     8
130     69   70.0   65.0   M   70.5     8
131     69   70.0   65.0   M   65.0     8
132     69   70.0   65.0   M   65.0     8
133     70   70.0   65.0   M   67.0     5
134     70   70.0   65.0   M   65.0     5
135     71   70.0   65.0   M   70.0     6
136     71   70.0   65.0   M   70.0     6
137     72   70.0   65.0   M   79.0     7
138     72   70.0   65.0   M   75.0     7
139     72   70.0   65.0   M   71.0     7
140     73   70.0   65.0   M   73.0     3
141     73   70.0   65.0   M   72.5     3
142     74   70.0   65.0   M   69.0     2
143     74   70.0   65.0   M   69.0     2
144     75   70.0   64.7   M   72.0     7
145     75   70.0   64.7   M   70.0     7
146     75   70.0   64.7   M   68.7     7
147     76   70.0   64.0   M   70.7     7
148     76   70.0   64.0   M   70.0     7
149     76   70.0   64.0   M   68.0     7
150     76   70.0   64.0   M   67.0     7
151     76   70.0   64.0   M   66.0     7
152     76   70.0   64.0   M   65.0     7
153     77   70.0   64.0   M   70.0     4
154     77   70.0   64.0   M   68.0     4
155     77   70.0   64.0   M   66.7     4
156     78   70.0   64.2   M   72.0     5
157     78   70.0   64.2   M   70.0     5
158     79   70.5   64.0   M   74.0     8
159     79   70.5   64.0   M   69.5     8
160     79   70.5   64.0   M   69.0     8
161     79   70.5   64.0   M   68.0     8
162     79   70.5   64.0   M   68.0     8
163     79   70.5   64.0   M   68.0     8
164     81   70.0   64.0   M   68.0     4
165     82   70.0   64.0   M   71.0     9
166     82   70.0   64.0   M   70.0     9
167     82   70.0   64.0   M   70.0     9
168     82   70.0   64.0   M   70.0     9
169     82   70.0   64.0   M   69.5     9
170     82   70.0   64.0   M   68.5     9
171     83   70.0   63.7   M   70.0     8
172     83   70.0   63.7   M   67.0     8
173     83   70.0   63.7   M   65.5     8
174     85   70.5   63.0   M   72.5     5
175     85   70.5   63.0   M   69.0     5
176     85   70.5   63.0   M   67.0     5
177     86   70.0   63.5   M   71.0     4
178     86   70.0   63.5   M   67.5     4
179     87   70.0   63.0   M   68.0     4
180     87   70.0   63.0   M   67.0     4
181     88   70.0   63.0   M   70.0     4
182     88   70.0   63.0   M   66.5     4
183     89   70.5   62.0   M   72.0     8
184     89   70.5   62.0   M   70.0     8
185     89   70.5   62.0   M   69.5     8
186     89   70.5   62.0   M   69.5     8
187     89   70.5   62.0   M   68.0     8
188     90   70.3   62.7   M   70.7     7
189     90   70.3   62.7   M   69.7     7
190     90   70.3   62.7   M   69.2     7
191     90   70.3   62.7   M   65.2     7
192     91   70.5   62.0   M   72.0     3
193     91   70.5   62.0   M   72.0     3
194     92   70.0   61.0   M   71.2     2
195     92   70.0   61.0   M   67.0     2
196     93   70.0   60.0   M   67.0     4
197     93   70.0   60.0   M   64.5     4
198     95   70.0   58.5   M   71.5     3
199     95   70.0   58.5   M   64.5     3
200     96   70.0   58.0   M   72.0     5
201     96   70.0   58.0   M   66.0     5
202     97   69.0   68.5   M   75.0    10
203     97   69.0   68.5   M   71.0    10
204     97   69.0   68.5   M   70.0    10
205     99   69.0   66.0   M   73.0     8
206     99   69.0   66.0   M   72.0     8
207     99   69.0   66.0   M   71.7     8
208     99   69.0   66.0   M   71.5     8
209    100   69.0   66.0   M   71.2     3
210    100   69.0   66.0   M   71.0     3
211    100   69.0   66.0   M   70.0     3
212    101   69.0   66.7   M   75.0     6
213    101   69.0   66.7   M   74.0     6
214    101   69.0   66.7   M   72.0     6
215    101   69.0   66.7   M   68.5     6
216    101   69.0   66.7   M   67.0     6
217    101   69.0   66.7   M   66.0     6
218    102   69.0   66.0   M   70.0     6
219    102   69.0   66.0   M   68.5     6
220    102   69.0   66.0   M   68.0     6
221    103   69.0   66.5   M   73.0     5
222    103   69.0   66.5   M   71.0     5
223    103   69.0   66.5   M   70.5     5
224    103   69.0   66.5   M   70.5     5
225    104   69.5   66.5   M   70.5     4
226    104   69.5   66.5   M   67.5     4
227    105   69.0   66.5   M   71.0     6
228    106   69.5   66.0   M   71.0     7
229    106   69.5   66.0   M   71.0     7
230    106   69.5   66.0   M   70.5     7
231    106   69.5   66.0   M   70.5     7
232    107   69.0   66.0   M   73.0     9
233    107   69.0   66.0   M   72.0     9
234    107   69.0   66.0   M   69.0     9
235    107   69.0   66.0   M   69.0     9
236    108   69.0   65.0   M   70.0     7
237    108   69.0   65.0   M   68.5     7
238    108   69.0   65.0   M   67.0     7
239    109   69.5   64.5   M   69.7     7
240    109   69.5   64.5   M   68.0     7
241    109   69.5   64.5   M   60.0     7
242    110   69.2   64.0   M   71.7     4
243    110   69.2   64.0   M   66.5     4
244    112   69.0   63.0   M   69.0     3
245    113   69.0   63.0   M   72.0     1
246    114   69.0   63.0   M   73.0     6
247    114   69.0   63.0   M   70.0     6
248    114   69.0   63.0   M   70.0     6
249    114   69.0   63.0   M   64.0     6
250    115   69.0   63.5   M   70.5     7
251    115   69.0   63.5   M   67.0     7
252    115   69.0   63.5   M   66.0     7
253    116   69.0   63.5   M   70.5     3
254    118   69.5   62.0   M   73.0     3
255    118   69.5   62.0   M   72.0     3
256    118   69.5   62.0   M   69.0     3
257    119   69.0   62.0   M   73.0     5
258    119   69.0   62.0   M   71.0     5
259    119   69.0   62.0   M   71.0     5
260    119   69.0   62.0   M   69.0     5
261    121   69.0   62.5   M   71.0     8
262    121   69.0   62.5   M   70.0     8
263    121   69.0   62.5   M   70.0     8
264    121   69.0   62.5   M   69.0     8
265    122   69.0   62.0   M   72.0     4
266    122   69.0   62.0   M   68.0     4
267    123   69.5   61.0   M   70.0     5
268    123   69.5   61.0   M   69.5     5
269    123   69.5   61.0   M   69.0     5
270    124   69.0   61.0   M   68.0     9
271    124   69.0   61.0   M   68.0     9
272    124   69.0   61.0   M   67.5     9
273    124   69.0   61.0   M   64.0     9
274    124   69.0   61.0   M   63.0     9
275    124   69.0   61.0   M   63.0     9
276    125   69.0   60.0   M   70.5     3
277    126   69.0   60.0   M   69.0     4
278    126   69.0   60.0   M   66.0     4
279    127   69.0   60.5   M   69.5     1
280    128   68.7   70.5   M   71.0     2
281    129   68.5   67.0   M   73.0     3
282    129   68.5   67.0   M   71.0     3
283    130   68.5   66.5   M   70.0    11
284    130   68.5   66.5   M   69.0    11
285    130   68.5   66.5   M   69.0    11
286    130   68.5   66.5   M   68.7    11
287    130   68.5   66.5   M   68.5    11
288    130   68.5   66.5   M   68.5    11
289    130   68.5   66.5   M   68.0    11
290    130   68.5   66.5   M   68.0    11
291    130   68.5   66.5   M   68.0    11
292    131   68.0   65.0   M   67.5     2
293    131   68.0   65.0   M   66.0     2
294    132   68.0   65.5   M   66.0     2
295    133   68.0   65.5   M   71.7     7
296    133   68.0   65.5   M   71.5     7
297    133   68.0   65.5   M   70.7     7
298    133   68.0   65.5   M   65.5     7
299    134   68.0   65.0   M   72.0     4
300    134   68.0   65.0   M   72.0     4
301    135   68.5   65.0   M   69.2     8
302    135   68.5   65.0   M   68.0     8
303    135   68.5   65.0   M   66.0     8
304    135   68.5   65.0   M   66.0     8
305    136   68.0   64.0   M   71.0    10
306    136   68.0   64.0   M   68.0    10
307    136   68.0   64.0   M   68.0    10
308    136   68.0   64.0   M   67.0    10
309    137   68.0   64.0   M   66.0     4
310    137   68.0   64.0   M   63.0     4
311    138   68.0   64.0   M   71.2     5
312    138   68.0   64.0   M   71.2     5
313    138   68.0   64.0   M   69.0     5
314    138   68.0   64.0   M   68.5     5
315    140   68.0   64.0   M   69.0    10
316    140   68.0   64.0   M   67.0    10
317    140   68.0   64.0   M   66.0    10
318    141   68.0   63.0   M   70.5     8
319    141   68.0   63.0   M   70.0     8
320    141   68.0   63.0   M   68.0     8
321    141   68.0   63.0   M   66.0     8
322    141   68.0   63.0   M   66.0     8
323    142   68.5   63.5   M   73.5     4
324    142   68.5   63.5   M   70.0     4
325    142   68.5   63.5   M   69.5     4
326    143   68.0   63.0   M   67.0     1
327    144   68.0   63.0   M   70.0     4
328    144   68.0   63.0   M   68.0     4
329    145   68.0   63.0   M   71.0     8
330    145   68.0   63.0   M   68.0     8
331    145   68.0   63.0   M   66.0     8
332    145   68.0   63.0   M   65.5     8
333    145   68.0   63.0   M   65.0     8
334    146   68.0   63.0   M   67.0     6
335    146   68.0   63.0   M   67.0     6
336    146   68.0   63.0   M   66.0     6
337    147   68.5   63.5   M   68.2     1
338    148   68.0   63.0   M   70.0     1
339    149   68.2   63.5   M   70.0     5
340    149   68.2   63.5   M   69.0     5
341    149   68.2   63.5   M   67.0     5
342    149   68.2   63.5   M   65.5     5
343    150   68.0   62.5   M   68.5     1
344    151   68.7   62.0   M   67.7     2
345    152   68.0   62.5   M   66.5     1
346    153   68.0   61.0   M   68.5     5
347    153   68.0   61.0   M   68.0     5
348    153   68.0   61.0   M   64.0     5
349    154   68.0   60.2   M   66.7     1
350    155   68.0   60.0   M   64.0     7
351    156   68.0   60.0   M   67.5     4
352    156   68.0   60.0   M   67.0     4
353    156   68.0   60.0   M   66.5     4
354    157   68.5   59.0   M   69.0     1
355    158   68.0   59.0   M   68.0    10
356    158   68.0   59.0   M   65.0    10
357    158   68.0   59.0   M   64.7    10
358    158   68.0   59.0   M   64.0    10
359    158   68.0   59.0   M   64.0    10
360    158   68.0   59.0   M   63.0    10
361    159   67.0   66.2   M   72.7     5
362    159   67.0   66.2   M   72.7     5
363    159   67.0   66.2   M   71.5     5
364    160   67.0   66.5   M   71.0     1
365    162   67.0   65.0   M   69.7     6
366    162   67.0   65.0   M   67.5     6
367    163   67.0   65.5   M   70.0     5
368    163   67.0   65.5   M   69.0     5
369    164   67.0   65.5   M   70.0     4
370    164   67.0   65.5   M   67.7     4
371    165   67.0   65.0   M   65.0     3
372    166   67.5   65.0   M   71.0    11
373    166   67.5   65.0   M   69.0    11
374    167   67.0   64.0   M   71.5     4
375    167   67.0   64.0   M   70.0     4
376    167   67.0   64.0   M   67.0     4
377    167   67.0   64.0   M   67.0     4
378    168   67.0   63.5   M   71.0     8
379    168   67.0   63.5   M   70.2     8
380    168   67.0   63.5   M   69.2     8
381    168   67.0   63.5   M   68.5     8
382    168   67.0   63.5   M   68.0     8
383    168   67.0   63.5   M   67.0     8
384    168   67.0   63.5   M   65.5     8
385    169   67.0   63.0   M   69.0     3
386    169   67.0   63.0   M   68.0     3
387    170   67.5   62.0   M   70.0     5
388    170   67.5   62.0   M   69.5     5
389    170   67.5   62.0   M   69.0     5
390    170   67.5   62.0   M   68.5     5
391    171   67.0   61.0   M   67.0     1
392    172   66.0   67.0   M   70.5     8
393    172   66.0   67.0   M   70.5     8
394    172   66.0   67.0   M   67.0     8
395    172   66.0   67.0   M   66.0     8
396    172   66.0   67.0   M   66.0     8
397    173   66.0   67.0   M   72.0     9
398    173   66.0   67.0   M   65.0     9
399    173   66.0   67.0   M   65.0     9
400    174   66.0   66.0   M   66.0     5
401    174   66.0   66.0   M   65.0     5
402    175   66.0   66.0   M   72.0     6
403    175   66.0   66.0   M   68.0     6
404    176   66.5   65.0   M   68.7     8
405    176   66.5   65.0   M   68.5     8
406    176   66.5   65.0   M   66.5     8
407    176   66.5   65.0   M   64.5     8
408    177   66.0   65.5   M   72.0     5
409    177   66.0   65.5   M   71.0     5
410    177   66.0   65.5   M   67.0     5
411    178   66.0   63.0   M   70.0     1
412    180   66.5   63.0   M   67.2     6
413    180   66.5   63.0   M   67.0     6
414    180   66.5   63.0   M   65.0     6
415    181   66.5   62.5   M   70.0     7
416    181   66.5   62.5   M   68.0     7
417    182   66.0   61.5   M   70.0     1
418    183   66.0   60.0   M   68.0     4
419    183   66.0   60.0   M   67.0     4
420    183   66.0   60.0   M   65.0     4
421    184   66.0   60.0   M   65.0     1
422    185   66.0   59.0   M   68.0    15
423    185   66.0   59.0   M   67.0    15
424    185   66.0   59.0   M   66.5    15
425    185   66.0   59.0   M   66.0    15
426    185   66.0   59.0   M   65.7    15
427    185   66.0   59.0   M   65.5    15
428    185   66.0   59.0   M   65.0    15
429    186   65.0   67.0   M   66.5     4
430    186   65.0   67.0   M   66.0     4
431    186   65.0   67.0   M   66.0     4
432    188   65.0   66.0   M   63.0     4
433    190   65.0   65.0   M   69.0     9
434    190   65.0   65.0   M   68.0     9
435    190   65.0   65.0   M   68.0     9
436    191   65.0   65.5   M   70.7     2
437    192   65.0   65.0   M   69.2     6
438    192   65.0   65.0   M   69.0     6
439    192   65.0   65.0   M   68.0     6
440    192   65.0   65.0   M   67.7     6
441    193   65.0   64.0   M   67.0     6
442    193   65.0   64.0   M   67.0     6
443    194   65.0   63.0   M   70.0     2
444    195   65.0   63.0   M   66.0     3
445    195   65.0   63.0   M   66.0     3
446    196   65.5   63.0   M   71.0     4
447    196   65.5   63.0   M   71.0     4
448    196   65.5   63.0   M   69.0     4
449    197   65.5   60.0   M   68.0     5
450    197   65.5   60.0   M   68.0     5
451    197   65.5   60.0   M   67.0     5
452    197   65.5   60.0   M   67.0     5
453    198   64.0   64.0   M   71.5     7
454    198   64.0   64.0   M   68.0     7
455    199   64.0   64.0   M   70.5     7
456    199   64.0   64.0   M   68.0     7
457    200   64.0   63.0   M   64.5     1
458    201   64.0   60.0   M   66.0     2
459    203   62.0   66.0   M   64.0     3
460    204   62.5   63.0   M   66.5     2
461   136A   68.5   65.0   M   72.0     8
462   136A   68.5   65.0   M   70.5     8
463   136A   68.5   65.0   M   68.7     8
464   136A   68.5   65.0   M   68.5     8
465   136A   68.5   65.0   M   67.7     8